   1|11446443|11.34|      |     |141.0 |1.4 |     |25|SC|    |   |   |     |  |   |Kepler-1 |a
   2|10666592|10.46|      |     | 59.22|0.59|     | 1|SC|    |   |   |     |  |   |Kepler-2 |b
   5| 8554498|11.66|1153. | 76. | 61.98|0.96|1.079|30|SC|10.3|0.5|167|0.978| 3|HM |         |
   7|11853905|12.21|1436. | 42. | 74.4 |1.1 |1.080|25|SC| 2.3|0.5|168|0.971| 5|FH |Kepler-4 |
  41| 6521045|11.20|1502. | 31. | 77.0 |1.1 |1.215|27|SC| 2.9|0.5|300|0.987| 5|HM |         |
  42| 8866102| 9.36|2014. | 32. | 94.50|0.60|1.348|28|SC|15.0|0.5|176|0.968| 2|HM |         |
  64| 7051180|13.14| 681. | 19. | 40.05|0.54|1.100|27|SC| 2.4|0.5|131|0.985| 3|H  |         |
  69| 3544595| 9.93|3366. | 81. |145.77|0.45|1.036|28|SC| 2.0|0.5|175|0.986|10|FHM|         |
  72|11904151|10.96|      |     |118.20|0.20|     | 5|SC|    |   |   |     |  |   |Kepler-10|c
  75| 7199397|10.78| 643. | 17. | 38.63|0.68|1.859|28|SC| 5.6|0.5| 91|0.964| 5|HMT|         |
  85| 5866724|11.02|1880. | 60. | 89.56|0.48|     |27|SC|    |   |   |     |  |   |Kepler-50|d
  87|10593626|11.66|      |     |137.5 |1.4 |     |18|SC|    |   |   |     |  |   |Kepler-22|e
  97| 5780885|12.88|      |     | 56.4 |1.7 |1.050|18|SC| 3.3|0.5| 73|0.975|10|FM |         |
  98|10264660|12.13|      |     | 53.9 |1.6 |1.078|27|SC|10.8|0.5| 89|0.970|10|FH |Kepler-14|
 107|11250587|12.70|      |     | 74.4 |2.8 |1.035|18|SC| 3.3|0.7| 39|0.889| 2|F  |         |
 108| 4914423|12.29|1663. | 56. | 81.5 |1.6 |1.062|27|SC| 3.8|0.7|108|0.945| 5|HM |         |
 113| 2306756|12.39|1412. | 50. | 70.4 |2.2 |1.054|12|SC| 2.5|0.5| 25|0.915| 3|FMT|         |
 117|10875245|12.49|1711. |107. | 86.7 |3.7 |1.043|21|SC| 3.5|0.5| 39|0.978| 2|M  |         |
 118| 3531558|12.38|      |     | 86.8 |2.2 |1.042|18|SC| 2.2|0.5| 25|0.894| 1|F  |         |
 119| 9471974|12.65|      |     | 49.4 |3.2 |1.052|12|SC| 5.3|0.6| 27|0.871| 3|F  |         |
 122| 8349582|12.35|1677. | 90. | 83.6 |1.4 |1.061|27|SC| 2.3|0.5|107|0.973| 5|HM |         |
 123| 5094751|12.37|1745. |117. | 91.1 |2.3 |1.046|27|SC| 2.8|0.5|117|0.963| 6|HM |         |
 168|11512246|13.44|      |     | 72.9 |2.1 |1.026|27|SC| 2.9|0.5| 24|0.850| 2|FM |Kepler-23|
 244| 4349452|10.73|2106. | 50. | 98.27|0.57|1.082|22|SC|11.1|0.5|123|0.939| 5|HMT|Kepler-25|
 245| 8478994| 9.71|      |     |178.7 |1.4 |     |15|SC|    |   |   |     |  |   |Kepler-37|f
 246|11295426|10.00|2154. | 13. |101.57|0.10|     |22|SC|    |   |   |     |  |   |Kepler-68|g
 257| 5514383|10.87|      |     |113.3 |2.0 |1.081|16|SC| 9.4|0.5| 41|0.909| 4|MT |         |
 260| 8292840|10.50|1983. | 37. | 92.85|0.35|1.219|21|SC|10.4|0.5| 47|0.868| 3|MT |         |
 262|11807274|10.42|1496. | 56. | 75.71|0.31|     |18|SC|    |   |   |     |  |   |Kepler-65|d
 263|10514430|10.82|1303. | 30. | 70.0 |1.0 |1.077|22|SC| 2.7|0.6|101|0.876| 4|HT |         |
 268| 3425851|10.56|2038. | 60. | 92.6 |1.5 |1.125|10|SC| 9.5|0.5| 47|0.900| 2|FT |         |
 269| 7670943|10.93|1895. | 73. | 88.6 |1.3 |1.143|19|SC|13.5|0.6| 53|0.827| 2|T  |         |
 270| 6528464|11.41|1380. | 56. | 75.4 |1.4 |1.144| 9|SC| 3.5|0.5| 34|0.855| 2|T  |         |
 271| 9451706|11.48|1988. | 86. | 95.0 |1.6 |1.067|19|SC| 8.1|0.6| 37|0.837| 3|T  |         |
 273| 3102384|11.46|      |     |124.3 |1.3 |1.026|19|SC| 2.4|0.5| 99|0.951| 4|HMT|         |
 274| 8077137|11.39|1324. | 39. | 68.80|0.64|1.186|18|SC| 7.7|0.5|149|0.960| 2|HM |         |
 275|10586004|11.70|1395. | 40. | 69.2 |1.4 |1.249| 6|SC| 3.4|0.5| 37|0.904| 2|T  |         |
 276|11133306|11.85|2381. | 95. |107.9 |1.9 |1.033|18|SC| 2.8|0.5| 33|0.901| 1|T  |         |
 277|11401755|11.87|1250. | 44. | 67.9 |1.2 |     |15|SC|    |   |   |     |  |   |Kepler-36|h
 279|12314973|11.68|      |     | 78.7 |5.3 |1.078|19|SC|15.2|0.5| 27|0.880| 1|M  |         |
 280| 4141376|11.07|2928. | 97. |128.8 |1.3 |1.037|20|SC| 3.5|0.5| 56|0.876| 1|T  |         |
 281| 4143755|11.95|1458. | 57. | 77.2 |1.3 |1.043|18|SC| 2.2|0.6| 34|0.836| 2|FT |         |
 282| 5088536|11.53|      |     |109.6 |3.1 |1.052| 4|SC| 3.0|0.5| 28|0.941| 1|M  |         |
 285| 6196457|11.56|1299. | 53. | 66.6 |1.1 |1.118| 9|SC| 4.2|0.6| 33|0.884| 2|MT |         |
 288| 9592705|11.02|1008. | 21. | 53.54|0.32|1.317|13|SC| 9.4|0.5| 41|0.870| 3|MT |         |
 319| 8684730|12.71| 962. | 39. | 51.7 |1.9 |1.201| 9|SC| 5.9|0.5| 32|0.885| 2|T  |         |
 370| 8494142|11.93|1133. | 81. | 61.80|0.76|1.166|15|SC| 8.9|0.5| 29|0.835| 2|T  |         |
 371| 5652983|12.19|      |     | 29.27|0.36|1.196|15|SC| 3.1|0.6| 22|0.866| 2|T  |         |
 623|12068975|11.81|2298. |105. |108.4 |3.1 |1.048|15|SC| 2.6|0.5| 33|0.847| 3|T  |         |
 674| 7277317|13.78| 533. | 15. | 33.00|0.72|1.254| 6|SC| 1.6|0.5| 54|0.972| 1|H  |         |
 974| 9414417| 9.58|1115. | 32. | 60.05|0.27|1.636|16|SC| 9.3|0.5| 55|0.953| 2|T  |         |
 975| 3632418| 8.22|1153. | 32. | 60.86|0.55|     | 1|SC|    |   |   |     |  |   |Kepler-21|i
 981| 8607720|10.73| 159.0|  2.4| 12.86|0.06|2.864|31|LC| 2.0|0.5| 54|0.964| 5|FT |         |
1019| 8179973|10.27| 341.8|  6.4| 22.93|0.13|4.575|16|SC| 2.2|0.5| 93|0.979| 4|HMT|         |
1054| 6032981|11.90|  35.1|  0.6|      |    |2.697|31|LC| 7.3|0.5| 24|0.881| 3|M  |         |
1221| 3640905|11.58| 500.7|  7.0| 30.63|0.20|3.201| 9|SC| 2.5|0.5| 32|0.945| 2|T  |         |
1222| 4060815|12.20| 333. | 11. | 22.33|0.56|4.676| 1|SC| 2.6|0.5| 25|0.923| 2|T  |         |
1230| 6470149|12.26| 118.2|  3.7|  9.59|0.04|1.591|31|LC| 3.3|0.5| 22|0.903| 1|T  |         |
1241| 6448890|12.44| 244.3|  3.4| 17.40|0.24|     |31|LC|    |   |   |     |  |   |Kepler-56|j
1282| 8822366|12.55|      |     | 71.3 |1.9 |1.069| 9|SC| 7.2|0.5| 29|0.873| 2|T  |         |
1299|10864656|12.18| 259.5|  4.3| 18.53|0.17|3.696| 9|SC| 2.7|0.5| 32|0.940|10|FT |         |
1314|10585852|13.24| 352.1|  6.9| 23.42|0.23|1.868| 9|SC| 2.2|0.5| 25|0.935| 2|MT |         |
1537| 9872292|11.74|      |     | 63.8 |1.2 |1.135| 9|SC| 9.6|0.7| 23|0.810| 2|M  |         |
1612|10963065| 8.77|2193. | 48. |103.20|0.63|1.571|16|SC| 3.4|0.5|180|0.990| 4|HT |         |
1613| 6268648|11.05|      |     | 88.9 |2.0 |1.105| 3|SC|10.6|0.7| 28|0.811| 2|T  |         |
1618| 7215603|11.60|      |     | 82.4 |1.1 |1.107| 7|SC|11.7|0.5| 28|0.871| 2|T  |         |
1621| 5561278|11.86|1023. | 36. | 56.2 |1.7 |1.177| 6|SC| 6.4|0.5| 39|0.936| 1|T  |         |
1890| 7449136|11.70|      |     | 76.4 |1.4 |1.104| 4|SC| 7.8|0.5| 41|0.936| 2|FM |         |
1894|11673802|13.43|      |     | 21.76|0.38|1.338|31|LC| 2.8|0.5| 22|0.942| 1|T  |         |
1924| 5108214| 7.84| 703. | 35. | 41.34|0.67|3.125| 3|SC| 4.8|0.5|187|0.990| 6|FHM|         |
1925| 9955598| 9.44|3546. |119. |153.18|0.14|1.058|22|SC| 1.6|0.5|208|0.985| 4|FH |         |
1930| 5511081|12.12|      |     | 63.3 |3.4 |1.121| 3|SC| 4.3|0.5| 32|0.932| 2|FM |         |
1962| 5513648|10.77|      |     | 78.6 |3.7 |1.106| 3|SC| 3.9|0.5| 41|0.926| 3|FMT|         |
2133| 8219268|12.49| 108.9|  3.0|  9.39|0.22|5.393|31|LC| 3.2|0.5| 21|0.918| 3|T  |         |
2481| 4476423|13.61|  51.2|  1.6|  5.09|0.12|4.626|13|LC| 5.9|1.3| 13|0.707| 1|M  |         |
2545| 9696358|11.75|      |     | 51.4 |3.7 |1.388| 1|SC| 8.9|0.5| 29|0.941| 1|M  |         |
2640| 9088780|13.23|  76.7|  1.3|  7.46|0.09|5.433|16|LC| 2.0|0.5| 56|0.981| 1|H  |         |
