   1 |11446443|5850| 50|-0.15|0.10|1.530   |0.030   | 0.950|0.020|0.940|0.050|Kepler-1 |a
   2 |10666592|6350| 80|+0.26|0.08|0.2712  |0.0032  | 1.991|0.018|1.520|0.036|Kepler-2 |b
   5 | 8554498|5753| 75|+0.05|0.10|0.2965  |0.0092  | 1.747|0.042|1.130|0.065|         |
   7 |11853905|5781| 76|+0.09|0.10|0.427   |0.013   | 1.533|0.040|1.092|0.073|Kepler-4 |
  41 | 6521045|5825| 75|+0.02|0.10|0.457   |0.013   | 1.490|0.035|1.080|0.063|         |
  42 | 8866102|6325| 75|+0.01|0.10|0.6892  |0.0088  | 1.361|0.018|1.242|0.045|         |
  64 | 7051180|5302| 75|-0.00|0.10|0.1238  |0.0033  | 2.437|0.072|1.262|0.089|         |
  69 | 3544595|5669| 75|-0.18|0.10|1.640   |0.010   | 0.921|0.020|0.909|0.057|         |
  72 |11904151|5627| 44|-0.15|0.04|1.0680  |0.0080  | 1.056|0.021|0.895|0.060|Kepler-10|c
  75 | 7199397|5896| 75|-0.17|0.10|0.1152  |0.0040  | 2.527|0.059|1.330|0.069|         |
  85 | 5866724|6169| 50|+0.09|0.08|0.621   |0.011   | 1.424|0.024|1.273|0.061|Kepler-50|d
  87 |10593626|5642| 50|-0.27|0.08|1.458   |0.030   | 0.979|0.020|0.970|0.060|Kepler-22|e
  97 | 5780885|6027| 75|+0.10|0.10|0.245   |0.015   | 1.962|0.066|1.318|0.089|         |
  98 |10264660|6378| 75|-0.02|0.10|0.224   |0.014   | 2.075|0.070|1.391|0.098|Kepler-14|
 107 |11250587|5862| 97|+0.27|0.11|0.427   |0.032   | 1.586|0.061|1.201|0.091|         |
 108 | 4914423|5845| 88|+0.07|0.11|0.513   |0.020   | 1.436|0.039|1.094|0.068|         |
 113 | 2306756|5543| 79|+0.44|0.10|0.382   |0.024   | 1.580|0.064|1.103|0.097|         |
 117 |10875245|5851| 75|+0.27|0.10|0.581   |0.049   | 1.411|0.047|1.142|0.068|         |
 118 | 3531558|5747| 85|+0.03|0.10|0.581   |0.030   | 1.357|0.040|1.023|0.070|         |
 119 | 9471974|5854| 92|+0.31|0.11|0.188   |0.024   | 2.192|0.121|1.377|0.089|         |
 122 | 8349582|5699| 74|+0.30|0.10|0.540   |0.019   | 1.415|0.039|1.084|0.076|         |
 123 | 5094751|5952| 75|-0.08|0.10|0.641   |0.032   | 1.323|0.037|1.039|0.065|         |
 168 |11512246|5828|100|-0.05|0.10|0.410   |0.023   | 1.548|0.048|1.078|0.077|Kepler-23|
 244 | 4349452|6270| 79|-0.04|0.10|0.7453  |0.0086  | 1.309|0.023|1.187|0.060|Kepler-25|
 245 | 8478994|5417| 75|-0.32|0.07|2.458   |0.046   | 0.772|0.026|0.803|0.068|Kepler-37|f
 246 |11295426|5793| 74|+0.12|0.07|0.7903  |0.0054  | 1.243|0.019|1.079|0.051|Kepler-68|g
 257 | 5514383|6184| 81|+0.12|0.10|0.990   |0.034   | 1.188|0.022|1.180|0.053|         |
 260 | 8292840|6239| 94|-0.14|0.10|0.6652  |0.0050  | 1.358|0.024|1.188|0.059|         |
 262 |11807274|6225| 75|-0.00|0.08|0.4410  |0.0040  | 1.584|0.031|1.259|0.072|Kepler-65|d
 263 |10514430|5784| 98|-0.11|0.11|0.378   |0.011   | 1.574|0.039|1.045|0.064|         |
 268 | 3425851|6343| 85|-0.04|0.10|0.662   |0.021   | 1.366|0.026|1.230|0.058|         |
 269 | 7670943|6463|110|+0.09|0.11|0.605   |0.018   | 1.447|0.026|1.318|0.057|         |
 270 | 6528464|5588| 99|-0.10|0.10|0.439   |0.016   | 1.467|0.033|0.969|0.053|         |
 271 | 9451706|6106|106|+0.33|0.10|0.697   |0.023   | 1.359|0.035|1.240|0.086|         |
 273 | 3102384|5739| 75|+0.35|0.10|1.193   |0.025   | 1.081|0.019|1.069|0.048|         |
 274 | 8077137|6072| 75|-0.09|0.10|0.3653  |0.0068  | 1.659|0.038|1.184|0.074|         |
 275 |10586004|5770| 83|+0.29|0.10|0.370   |0.015   | 1.641|0.051|1.197|0.094|         |
 276 |11133306|5982| 82|-0.02|0.10|0.898   |0.032   | 1.185|0.026|1.076|0.061|         |
 277 |11401755|5911| 66|-0.20|0.06|0.3508  |0.0056  | 1.626|0.019|1.071|0.043|Kepler-36|h
 279 |12314973|6215| 89|+0.28|0.10|0.478   |0.064   | 1.570|0.085|1.346|0.084|         |
 280 | 4141376|6134| 91|-0.24|0.10|1.281   |0.027   | 1.042|0.026|1.032|0.070|         |
 281 | 4143755|5622|106|-0.40|0.11|0.459   |0.015   | 1.406|0.041|0.884|0.066|         |
 282 | 5088536|5884| 75|-0.22|0.10|0.927   |0.053   | 1.127|0.033|0.934|0.059|         |
 285 | 6196457|5871| 94|+0.17|0.11|0.342   |0.011   | 1.703|0.048|1.207|0.084|         |
 288 | 9592705|6174| 92|+0.22|0.10|0.2212  |0.0027  | 2.114|0.042|1.490|0.082|         |
 319 | 8684730|5882| 87|+0.16|0.10|0.206   |0.015   | 2.064|0.076|1.325|0.096|         |
 370 | 8494142|6144|106|+0.13|0.10|0.2948  |0.0072  | 1.850|0.050|1.319|0.101|         |
 371 | 5652983|5198| 95|+0.19|0.11|0.0661  |0.0016  | 3.207|0.107|1.552|0.154|         |
 623 |12068975|6004|102|-0.38|0.10|0.907   |0.052   | 1.120|0.033|0.922|0.059|         |
 674 | 7277317|4883| 75|+0.16|0.10|0.0840  |0.0037  | 2.690|0.114|1.150|0.120|         |
 974 | 9414417|6253| 75|-0.13|0.10|0.2783  |0.0025  | 1.851|0.044|1.270|0.086|         |
 975 | 3632418|6131| 44|-0.15|0.06|0.2886  |0.0087  | 1.860|0.020|1.340|0.010|Kepler-21|i
 981 | 8607720|5066| 75|-0.33|0.10|0.01275 |0.00011 | 5.324|0.107|1.372|0.073|         |
1019 | 8179973|5009| 75|-0.02|0.10|0.04057 |0.00047 | 3.585|0.090|1.327|0.094|         |
1054*| 6032981|5254| 97|-0.94|0.16|        |        |      |     |     |     |         |
1221 | 3640905|4991| 75|+0.28|0.10|0.07240 |0.00094 | 2.935|0.066|1.298|0.076|         |
1222 | 4060815|5055| 75|-0.07|0.10|0.0385  |0.0019  | 3.733|0.176|1.429|0.162|         |
1230 | 6470149|5015| 97|-0.21|0.16|0.007091|0.000067| 7.062|0.258|1.782|0.193|         |
1241 | 6448890|4840| 97|+0.20|0.16|0.02460 |0.00060 | 4.230|0.150|1.320|0.130|Kepler-56|j
1282 | 8822366|6034| 92|-0.14|0.10|0.392   |0.021   | 1.592|0.050|1.120|0.083|         |
1299 |10864656|4995| 78|-0.07|0.10|0.02650 |0.00049 | 4.160|0.120|1.353|0.101|         |
1314 |10585852|5048| 75|-0.03|0.10|0.04233 |0.00082 | 3.549|0.104|1.345|0.102|         |
1537 | 9872292|6260|116|+0.10|0.11|0.314   |0.011   | 1.824|0.049|1.366|0.101|         |
1612 |10963065|6104| 74|-0.20|0.10|0.822   |0.010   | 1.225|0.027|1.079|0.069|         |
1613 | 6268648|6044|117|-0.24|0.11|0.609   |0.028   | 1.327|0.041|1.008|0.080|         |
1618 | 7215603|6173| 93|+0.17|0.10|0.524   |0.013   | 1.506|0.035|1.270|0.082|         |
1621 | 5561278|6081| 75|-0.03|0.10|0.244   |0.014   | 1.954|0.064|1.294|0.093|         |
1890 | 7449136|6099| 75|+0.04|0.10|0.450   |0.017   | 1.557|0.040|1.206|0.083|         |
1894 |11673802|4992| 75|+0.04|0.10|0.0365  |0.0013  | 3.790|0.190|1.410|0.214|         |
1924 | 5108214|5844| 75|+0.21|0.10|0.1319  |0.0043  | 2.490|0.055|1.443|0.080|         |
1925 | 9955598|5460| 75|+0.08|0.10|1.8106  |0.0032  | 0.893|0.018|0.918|0.057|         |
1930 | 5511081|5923| 77|-0.07|0.10|0.309   |0.034   | 1.735|0.082|1.142|0.084|         |
1962 | 5513648|5904| 85|-0.07|0.10|0.477   |0.045   | 1.470|0.060|1.083|0.071|         |
2133 | 8219268|4605| 97|+0.29|0.16|0.00681 |0.00032 | 6.528|0.352|1.344|0.169|         |
2481 | 4476423|4553| 97|+0.42|0.16|0.001999|0.000096|10.472|0.696|1.616|0.256|         |
2545 | 9696358|6131| 75|+0.13|0.10|0.204   |0.029   | 2.134|0.134|1.417|0.093|         |
2640 | 9088780|4854| 97|-0.33|0.16|0.00429 |0.00010 | 7.478|0.246|1.274|0.110|         |
