   1.01| |  2.470613200|0.000000100|0.124320|0.000080|12.89 |0.27 |0.03504|0.00062| 773. 
   2.01| |  2.204735400|0.000000100|0.075450|0.000020|16.39 |0.15 |0.03812|0.00030|3983. 
   5.01| |  4.7803287  |0.0000030  |0.03651 |0.00026 | 6.96 |0.17 |0.0579 |0.0011 | 897. 
   5.02| |  7.05186    |0.00028    |0.00428 |0.00038 | 0.816|0.075|0.0750 |0.0014 | 534. 
   7.01| |  3.2136641  |0.0000042  |0.026920|0.000070| 4.50 |0.12 |0.04389|0.00098|1223. 
  41.01| | 12.815735   |0.000053   |0.015440|0.000100| 2.511|0.062|0.1100 |0.0021 | 190. 
  41.02| |  6.887099   |0.000062   |0.00918 |0.00016 | 1.493|0.044|0.0727 |0.0014 | 434. 
  41.03| | 35.33314    |0.00063    |0.01042 |0.00030 | 1.694|0.063|0.2162 |0.0042 |  49. 
  42.01| | 17.834381   |0.000031   |0.018250|0.000100| 2.710|0.039|0.1436 |0.0017 | 129. 
  64.01| |  1.9510914  |0.0000040  |0.04015 |0.00093 |10.68 |0.40 |0.03302|0.00078|3864. 
  69.01| |  4.7267482  |0.0000052  |0.01575 |0.00011 | 1.583|0.037|0.0534 |0.0011 | 276. 
  72.01| |  0.8374903  |0.0000015  |0.012650|0.000070| 1.458|0.030|0.01676|0.00037|3574. 
  72.02| | 45.29404    |0.00020    |0.02014 |0.00013 | 2.321|0.049|0.2397 |0.0054 |  17. 
  75.01| |105.88531    |0.00033    |0.039310|0.000080|10.84 |0.25 |0.4817 |0.0083 |  30. 
  85.01| |  5.859933   |0.000011   |0.018040|0.000080| 2.803|0.049|0.0689 |0.0011 | 555. 
  85.02| |  2.1549189  |0.0000083  |0.009710|0.000090| 1.509|0.029|0.03539|0.00057|2106. 
  85.03| |  8.131146   |0.000051   |0.01081 |0.00014 | 1.680|0.036|0.0858 |0.0014 | 358. 
  87.01| |289.8622     |0.0018     |0.0226  |0.0016  | 2.42 |0.18 |0.849  |0.017  |   1.2
  97.01| |  4.88548920 |0.00000090 |0.082840|0.000030|17.74 |0.59 |0.0618 |0.0014 |1195. 
  98.01| |  6.7901235  |0.0000036  |0.056080|0.000050|12.70 |0.43 |0.0783 |0.0018 |1042. 
 107.01| |  7.256999   |0.000019   |0.02228 |0.00011 | 3.86 |0.15 |0.0780 |0.0020 | 438. 
 108.01| | 15.965349   |0.000047   |0.02224 |0.00014 | 3.484|0.096|0.1279 |0.0027 | 132. 
 108.02| |179.6010     |0.0012     |0.03371 |0.00017 | 5.28 |0.14 |0.642  |0.013  |   5.2
 117.01| | 14.749102   |0.000076   |0.02271 |0.00016 | 3.50 |0.12 |0.1230 |0.0025 | 139. 
 117.02| |  4.901467   |0.000039   |0.01321 |0.00020 | 2.034|0.074|0.0590 |0.0012 | 602. 
 117.03| |  3.179962   |0.000025   |0.01222 |0.00019 | 1.882|0.069|0.04423|0.00088|1071. 
 117.04| |  7.95792    |0.00017    |0.00833 |0.00038 | 1.283|0.072|0.0815 |0.0016 | 315. 
 118.01| | 24.99334    |0.00019    |0.01656 |0.00024 | 2.453|0.080|0.1686 |0.0039 |  64. 
 119.01| | 49.18431    |0.00013    |0.037540|0.000090| 8.98 |0.50 |0.2923 |0.0063 |  59. 
 119.02| |190.3134     |0.0020     |0.03297 |0.00020 | 7.89 |0.44 |0.720  |0.016  |   9.8
 122.01| | 11.523063   |0.000028   |0.02342 |0.00020 | 3.62 |0.10 |0.1026 |0.0024 | 180. 
 123.01| |  6.481674   |0.000018   |0.01686 |0.00015 | 2.434|0.071|0.0689 |0.0014 | 415. 
 123.02| | 21.222534   |0.000093   |0.01734 |0.00016 | 2.503|0.073|0.1520 |0.0032 |  85. 
 168.01| | 10.742491   |0.000063   |0.02049 |0.00018 | 3.46 |0.11 |0.0977 |0.0023 | 260. 
 168.02| | 15.27448    |0.00019    |0.01376 |0.00029 | 2.325|0.088|0.1235 |0.0029 | 163. 
 168.03| |  7.10690    |0.00012    |0.01111 |0.00033 | 1.877|0.081|0.0742 |0.0018 | 451. 
 244.01| | 12.7203650  |0.0000070  |0.03583 |0.00017 | 5.117|0.095|0.1129 |0.0019 | 186. 
 244.02| |  6.2385593  |0.0000075  |0.018690|0.000090| 2.669|0.050|0.0702 |0.0012 | 482. 
 245.01| | 39.792196   |0.000052   |0.02513 |0.00033 | 2.117|0.077|0.2120 |0.0060 |  10. 
 245.02| | 21.30185    |0.00013    |0.00949 |0.00017 | 0.799|0.030|0.1398 |0.0039 |  24. 
 245.03| | 13.36726    |0.00031    |0.00422 |0.00027 | 0.356|0.026|0.1025 |0.0029 |  44. 
 246.01| |  5.3987665  |0.0000071  |0.018690|0.000080| 2.535|0.040|0.06178|0.00097| 409. 
 257.01| |  6.883403   |0.000012   |0.02052 |0.00015 | 2.661|0.054|0.0748 |0.0011 | 331. 
 260.01| | 10.495678   |0.000075   |0.01125 |0.00015 | 1.667|0.037|0.0994 |0.0017 | 254. 
 260.02| |100.28319    |0.00085    |0.01925 |0.00016 | 2.852|0.057|0.4474 |0.0074 |  13. 
 262.01| |  7.812512   |0.000052   |0.01074 |0.00015 | 1.856|0.045|0.0832 |0.0016 | 489. 
 262.02| |  9.376137   |0.000056   |0.01362 |0.00030 | 2.354|0.069|0.0940 |0.0018 | 383. 
 263.01| | 20.71936    |0.00019    |0.01315 |0.00034 | 2.259|0.081|0.1498 |0.0031 | 111. 
 268.01| |110.37908    |0.00084    |0.02011 |0.00015 | 2.997|0.061|0.4826 |0.0076 |  12. 
 269.01| | 18.01134    |0.00022    |0.01074 |0.00019 | 1.696|0.043|0.1475 |0.0021 | 151. 
 270.01| | 12.58250    |0.00014    |0.01127 |0.00020 | 1.804|0.052|0.1048 |0.0019 | 172. 
 270.02| | 33.67312    |0.00049    |0.01334 |0.00024 | 2.135|0.062|0.2020 |0.0037 |  46. 
 271.01| | 48.63070    |0.00041    |0.01876 |0.00021 | 2.782|0.078|0.2801 |0.0065 |  29. 
 271.02| | 29.39234    |0.00018    |0.01785 |0.00016 | 2.647|0.072|0.2003 |0.0046 |  57. 
 273.01| | 10.573769   |0.000026   |0.0156  |0.0029  | 1.84 |0.35 |0.0964 |0.0015 | 122. 
 274.01| | 15.09205    |0.00035    |0.00663 |0.00033 | 1.200|0.066|0.1264 |0.0026 | 210. 
 274.02| | 22.79519    |0.00063    |0.00667 |0.00036 | 1.208|0.071|0.1665 |0.0035 | 121. 
 275.01| | 15.79186    |0.00014    |0.01316 |0.00015 | 2.357|0.078|0.1308 |0.0034 | 157. 
 275.02| | 82.1997     |0.0020     |0.01375 |0.00032 | 2.463|0.096|0.393  |0.010  |  17. 
 276.01| | 41.74591    |0.00018    |0.02052 |0.00082 | 2.65 |0.12 |0.2413 |0.0045 |  28. 
 277.01| | 16.231204   |0.000054   |0.021810|0.000100| 3.870|0.049|0.1284 |0.0017 | 176. 
 279.01| | 28.455113   |0.000053   |0.0351  |0.0015  | 6.01 |0.41 |0.2014 |0.0042 |  81. 
 279.02| | 15.41298    |0.00012    |0.0158  |0.0034  | 2.72 |0.60 |0.1338 |0.0028 | 184. 
 280.01| | 11.872914   |0.000023   |0.01972 |0.00073 | 2.242|0.100|0.1029 |0.0023 | 130. 
 281.01| | 19.55663    |0.00011    |0.01689 |0.00012 | 2.592|0.078|0.1363 |0.0034 |  95. 
 282.01| | 27.508733   |0.000086   |0.02774 |0.00013 | 3.41 |0.10 |0.1743 |0.0037 |  45. 
 282.02| |  8.457489   |0.000097   |0.00969 |0.00028 | 1.191|0.049|0.0794 |0.0017 | 217. 
 285.01| | 13.748761   |0.000072   |0.02026 |0.00017 | 3.77 |0.11 |0.1196 |0.0028 | 216. 
 288.01| | 10.275394   |0.000058   |0.01463 |0.00013 | 3.376|0.073|0.1057 |0.0019 | 522. 
 319.01| | 46.15159    |0.00011    |0.04655 |0.00024 |10.49 |0.39 |0.2765 |0.0067 |  60. 
 370.01| | 42.88255    |0.00031    |0.01998 |0.00015 | 4.03 |0.11 |0.2630 |0.0067 |  63. 
 370.02| | 22.95036    |0.00032    |0.01227 |0.00034 | 2.477|0.096|0.1733 |0.0044 | 146. 
 623.01| | 10.34971    |0.00012    |0.01062 |0.00027 | 1.298|0.050|0.0905 |0.0019 | 179. 
 623.02| | 15.67749    |0.00020    |0.01106 |0.00026 | 1.351|0.051|0.1193 |0.0026 | 103. 
 623.03| |  5.599359   |0.000062   |0.00918 |0.00023 | 1.122|0.043|0.0601 |0.0013 | 405. 
 674.01| | 16.338952   |0.000071   |0.04259 |0.00022 |12.50 |0.54 |0.1320 |0.0046 | 212. 
 974.01| | 53.50607    |0.00061    |0.01353 |0.00014 | 2.733|0.071|0.3010 |0.0068 |  52. 
 975.01| |  2.785819   |0.000017   |0.007740|0.000100| 1.571|0.026|0.04272|0.00011|2405. 
 981.01| |  3.99780    |0.00012    |0.00819 |0.00053 | 4.76 |0.32 |0.05478|0.00098|5586. 
1019.01|*|  2.497052   |0.000063   |0.00689 |0.00041 | 2.70 |0.17 |0.03958|0.00094|4637. 
1221.01| | 30.16012    |0.00052    |0.01469 |0.00034 | 4.71 |0.15 |0.2069 |0.0040 | 112. 
1221.02| | 51.0802     |0.0018     |0.01106 |0.00039 | 3.54 |0.15 |0.2939 |0.0057 |  56. 
1222.01| |  4.28553    |0.00014    |0.00649 |0.00065 | 2.64 |0.29 |0.0582 |0.0022 |2416. 
1230.01|+|165.72106    |0.00077    |0.08259 |0.00018 |63.64 |2.33 |0.716  |0.026  |  55. 
1241.01| | 21.40505    |0.00036    |0.02292 |0.00033 |10.58 |0.40 |0.1655 |0.0054 | 322. 
1241.02| | 10.50343    |0.00025    |0.01120 |0.00033 | 5.17 |0.24 |0.1030 |0.0034 | 832. 
1282.01| | 30.86392    |0.00031    |0.01428 |0.00018 | 2.480|0.084|0.2000 |0.0049 |  75. 
1299.01| | 52.50128    |0.00067    |0.02683 |0.00030 |12.18 |0.38 |0.3035 |0.0076 | 105. 
1314.01| |  8.57507    |0.00018    |0.01191 |0.00027 | 4.61 |0.17 |0.0905 |0.0023 | 896. 
1537.01| | 10.19144    |0.00022    |0.00675 |0.00020 | 1.343|0.054|0.1021 |0.0025 | 440. 
1612.01| |  2.464999   |0.000020   |0.00531 |0.00025 | 0.710|0.037|0.03663|0.00078|1394. 
1613.01| | 15.86621    |0.00020    |0.00933 |0.00064 | 1.35 |0.10 |0.1239 |0.0033 | 137. 
1618.01| |  2.364320   |0.000036   |0.00547 |0.00020 | 0.899|0.039|0.03761|0.00081|2089. 
1621.01| | 20.31035    |0.00024    |0.01290 |0.00027 | 2.75 |0.11 |0.1588 |0.0038 | 186. 
1890.01| |  4.336491   |0.000029   |0.01035 |0.00014 | 1.758|0.051|0.0554 |0.0013 | 981. 
1894.01| |  5.288016   |0.000045   |0.01733 |0.00019 | 7.17 |0.37 |0.0666 |0.0034 |1805. 
1924.01|*|  2.119128   |0.000038   |0.00645 |0.00022 | 1.753|0.071|0.03649|0.00067|4878. 
1925.01| | 68.95800    |0.00090    |0.0108  |0.0038  | 1.05 |0.37 |0.3199 |0.0066 |   6.2
1930.01| | 13.72686    |0.00014    |0.01341 |0.00020 | 2.54 |0.13 |0.1173 |0.0029 | 242. 
1930.02| | 24.31058    |0.00036    |0.01298 |0.00026 | 2.46 |0.13 |0.1717 |0.0042 | 113. 
1930.03| | 44.43150    |0.00076    |0.01492 |0.00027 | 2.83 |0.14 |0.2566 |0.0063 |  51. 
1930.04| |  9.34131    |0.00021    |0.00824 |0.00032 | 1.560|0.096|0.0907 |0.0022 | 404. 
1962.01| | 32.85833    |0.00033    |0.01593 |0.00058 | 2.55 |0.14 |0.2062 |0.0045 |  55. 
2133.01| |  6.246580   |0.000082   |0.01798 |0.00026 |12.81 |0.72 |0.0733 |0.0031 |3205. 
2481.01|+| 33.84760    |0.00091    |0.02750 |0.00072 |31.42 |2.24 |0.240  |0.013  | 733. 
2545.01| |  6.98158    |0.00019    |0.00568 |0.00025 | 1.32 |0.10 |0.0803 |0.0018 | 896. 
2640.01| | 33.1809     |0.0014     |0.02086 |0.00072 |17.02 |0.81 |0.2191 |0.0063 | 581. 
