 1430163               9.627 1.098           6910 3.66 -0.05 6574 4.27 6520 4.22 -0.11 1.64 11.0
 1435467               9.017 1.299 0.01 0.02 6570 4.02 -0.25 6345 4.24 6264 4.09 -0.01 1.45 10.0
 2837475       179260  8.547 1.083           6444 4.07 -0.06 6740 4.51 6700 4.16 -0.02 2.35 23.5
 3424541               9.895 1.281           6207 3.58 -0.12 6180 3.50 6080 3.82  0.01 1.39 29.8
 3427720               9.280 1.454 0.00 0.04 5780 4.44 -0.37 6070 4.51 6040 4.38 -0.03 1.16  4.0
 3456181               9.776 1.297 0.03 0.02 6361 3.54 -0.66 6344 4.05 6270 3.93 -0.19 1.53  7.8
 3632418 94112 179070  8.310 1.365 0.00 0.04                 6235 4.14 6190 4.00 -0.16 1.42  6.5
 3656476               9.643 1.635 0.00 0.04 5424 4.47 -0.60 5720 4.31 5710 4.23  0.34 1.02  2.0
 3733735 94071 178971  8.409 1.035 0.02 0.02 6442 4.03 -0.62 6715 4.45 6715 4.26 -0.04 1.99 16.8
 4586099               9.321 1.341 0.03 0.02 6037 3.93 -0.77 6296 4.05 6296 4.02 -0.17 1.50  6.1
 4638884               9.934 1.182           6367 4.07 -0.31 6380 4.01 6375 4.03 -0.03 1.72  7.8
 4914923 94734         9.571 1.636                           5880 4.30 5905 4.21  0.17 1.19  3.6
 5021689               9.588 1.392 0.01 0.02 5997 4.29 -0.32 6150 4.11 6168 4.02 -0.08 1.39  9.8
 5184732               8.386 1.565           5599 4.31 -0.09 5865 4.38 5840 4.26  0.38 1.13  3.3
 5371516 96528 185457  8.483 1.281 0.02 0.02 6050 4.17 -0.11 6408 4.34 6408 3.98  0.17 1.61 15.2
 5450445               9.880 1.378           5965 4.20 -0.30 6110 4.15 6112 3.98  0.05 1.36  8.9
 5512589              10.229 1.666           5554 4.39 -0.32 5780 4.16 5750 4.06  0.06 1.11  3.5
 5596656               9.867 2.244 0.00 0.04 4942 4.29 -1.43 5014 3.48 5094 3.35 -0.46 0.83  4.0
 5773345               9.331 1.385           6009 4.27  0.08 6184 4.08 6130 4.00  0.21 1.46  6.6
 5774694 93657 177780  8.439 1.508                           5878 4.66 5875 4.47  0.07 1.02  5.2
 5939450 92771 175576  7.384 1.284 0.01 0.02                 6200 3.61 6282 3.70 -0.18 1.56  8.3
 5955122               9.446 1.527 0.02 0.02 5747 4.39 -0.21 5865 3.88 5837 3.87 -0.17 1.22  6.5
 6106415 93427 177153  7.275 1.446 0.00 0.04                 6055 4.40 5990 4.31 -0.09 1.15  4.0
 6116048               8.540 1.419 0.01 0.02 5863 4.32 -0.07 5990 4.32 5935 4.28 -0.24 1.02  4.0
 6225718 97527 187637  7.580 1.297                           6250 4.46 6230 4.32 -0.17 1.38  5.0
 6442183       183159  8.661 1.678 0.02 0.02                 5740 4.16 5760 4.03 -0.11 1.06  4.5
 6508366               9.078 1.277 0.03 0.02 6271 4.14 -0.21 6310 3.95 6354 3.94 -0.08 1.52 18.2
 6603624               9.282 1.716 0.01 0.02 5416 4.38 -0.06 5640 4.47 5625 4.32  0.28 1.05  3.0
 6679371               8.792 1.192           6313 4.07 -0.17 6390 3.91 6260 3.92 -0.13 1.62 19.2
 6933899               9.818 1.647 0.01 0.02 5616 4.25 -0.09 5870 4.07 5860 4.09  0.02 1.15  3.5
 7103006               8.919 1.217           6203 4.26 -0.01 6394 4.18 6394 4.01  0.05 1.58 13.2
 7206837               9.908 1.333           6100 4.15 -0.23 6304 4.21 6304 4.17  0.14 1.29 10.1
 7282890               9.155 1.214 0.03 0.02 6072 4.05 -0.44 6410 4.11 6384 3.88  0.02 1.74 22.6
 7510397 93511 177412  7.922 1.378 0.01 0.02 5972 4.13 -0.35 6130 4.07 6110 4.01 -0.23 1.35  5.4
 7529180               8.542 1.094           6367 3.52 -0.43 6790 4.70 6700 4.23 -0.02 1.81 33.6
 7662428               9.797 1.888           6088 4.18 -0.04 6360 4.35 6360 4.27  0.22 1.46 15.7
 7668623               9.441 1.286           6013 4.11 -0.29 6270 4.01 6270 3.87 -0.02 1.43  9.6
 7680114              10.227 1.554 0.02 0.02 5578 4.63 -0.33 5825 4.25 5855 4.18  0.11 1.10  3.0
 7747078 94918         9.593 1.617 0.03 0.02                 5910 3.98 5840 3.91 -0.26 1.22  6.0
 7799349               9.782 2.264           4920 3.47  0.18 5065 3.71 5115 3.67  0.41 1.21  1.0
 7800289               9.599 1.218           6208 4.21 -0.35 6389 3.79 6354 3.71 -0.23 1.66 21.6
 7871531               9.512 1.996 0.00 0.04 5153 4.16 -0.44 5400 4.43 5400 4.49 -0.24 0.71  2.9
 7940546 92615 175226  7.477 1.303           5987 4.17 -0.14 6240 4.11 6264 3.99 -0.19 1.56  9.7
 7970740       186306  8.042 1.957 0.00 0.04 5231 4.41 -0.18 5290 4.57 5290 4.58 -0.49 0.68  3.0
 7976303               9.220 1.490 0.01 0.02 6005 4.23 -0.59 6095 4.03 6053 3.87 -0.53 1.37  5.5
 8006161 91949         7.610 1.940           5184 3.63  0.36 5370 4.51 5390 4.49  0.34 1.07  2.5
 8026226               8.529 1.300 0.02 0.02 5930 3.84 -0.85 6260 3.80 6230 3.71 -0.16 1.58 10.6
 8179536               9.570 1.292 0.02 0.02 6163 4.12 -0.20 6369 4.39 6344 4.27  0.01 1.44  9.0
 8228742 95098         9.564 1.448 0.04 0.02 5858 3.97 -0.26 6070 4.00 6042 4.02 -0.14 1.30  5.7
 8360349       181777  8.719 1.279 0.00 0.04 6044 4.21 -0.09 6340 4.15 6340 3.81  0.12 1.61 17.9
 8367710               9.987 1.238           6166 4.31 -0.01 6465 4.17 6500 3.99  0.16 1.70 21.1
 8394589               9.648 1.422           5938 3.82 -0.33 6130 4.33 6114 4.32 -0.36 1.23  6.0
 8524425               9.995 1.818 0.03 0.02 5449 3.92 -0.21 5620 4.03 5634 3.98  0.14 1.23  2.3
 8542853              10.382 2.579 0.00 0.04 5406 4.41 -0.15 5560 4.67 5560 4.54 -0.20 0.80  3.5
 8561221              10.166 2.076 0.03 0.02 4997 4.65 -0.77 5300 3.76 5245 3.61 -0.06 1.01  3.5
 8579578               8.996 1.228 0.03 0.02 6078 4.21 -0.22 6470 4.27 6380 3.92 -0.09 1.92 24.7
 8694723               8.977 1.314 0.03 0.02 6101 4.15 -0.51 6200 4.08 6120 4.10 -0.59 1.39  6.6
 8702606               9.595 1.911 0.02 0.02 5308 4.60 -0.48 5540 3.92 5540 3.76 -0.09 1.08  4.0
 8738809              10.133 1.452           5848 4.38 -0.15 6090 4.02 6090 3.90  0.11 1.33  4.9
 8751420 95362 182736  7.103 2.075 0.00 0.02                 5294 3.80 5264 3.70 -0.15 1.00  3.5
 8760414               9.752 1.579 0.02 0.02                 5795 4.25 5787 4.33 -1.14 1.03  3.0
 8938364              10.287 1.651 0.00 0.04 5741 4.34 -0.38 5620 4.17 5630 4.16 -0.20 1.00  3.8
 9098294               9.980 1.616 0.02 0.02 5701 4.44 -0.73 5770 4.26 5840 4.30 -0.13 1.01  4.0
 9139151 92961         9.351 1.399 0.00 0.04 5911 4.32 -0.15 6105 4.54 6125 4.38  0.11 1.22  6.0
 9139163 92962 176071  8.386 1.155 0.00 0.04 6220 4.28 -0.13 6375 4.27 6400 4.18  0.15 1.31  4.0
 9206432 93607         9.152 1.085 0.01 0.02 6301 4.27 -0.06 6608 4.45 6608 4.23  0.23 1.70  6.7
 9226926               8.741 1.032 0.02 0.02 6735 3.57 -1.01 6892 4.49 6892 4.14 -0.23 2.04 31.1
 9812850               9.576 1.277 0.01 0.02 6169 4.21 -0.29 6330 4.16 6325 4.05 -0.16 1.61 12.9
 9908400               9.157 1.332           5823 4.18  0.04 6620 4.45 6400 3.74  0.34 1.65 26.1
 9955598               9.717 1.949 0.00 0.04 5333 3.71  0.19 5395 4.52 5410 4.48  0.11 0.87  2.0
10016239               9.871 1.130           6232 4.29 -0.58 6340 4.33 6340 4.31 -0.05 1.42 14.7
10018963               8.832 1.379 0.00 0.04 5977 4.16 -0.47 6130 3.98 6020 3.95 -0.35 1.32  5.5
10068307 94675 180867  8.299 1.355 0.00 0.04 6052 4.13 -0.21 6140 4.00 6114 3.93 -0.22 1.38  6.5
10124866 93108 176465  8.674 2.334 0.00 0.04 5813 4.24 -0.14 5850 4.55 5755 4.48 -0.30 0.82  3.0
10162436 97992         8.747 1.389 0.01 0.02 6095 4.18 -0.23 6180 4.02 6200 3.95 -0.08 1.44  6.5
10355856               9.294 1.237 0.00 0.04 6288 4.06 -0.53 6395 4.12 6350 4.08 -0.19 1.55  7.2
10454113 92983         8.744 1.453 0.00 0.04 5972 4.30 -0.11 6120 4.32 6120 4.31 -0.06 1.21  5.5
10462940               9.836 1.368 0.00 0.04 6070 4.27 -0.19 6174 4.46 6154 4.32  0.10 1.29  4.3
10516096               9.611 1.482 0.02 0.02 5814 4.19 -0.31 5940 4.21 5940 4.18 -0.06 1.12  4.2
10644253               9.324 1.450 0.00 0.04 5831 4.28 -0.15 6105 4.59 6030 4.40  0.12 1.14  3.8
10709834               9.859 1.071 0.00 0.04 6502 3.99 -0.23 6570 4.17 6508 4.09 -0.08 1.66 10.6
10923629               9.936 1.300 0.03 0.02 5982 4.26 -0.00 6214 3.95 6214 3.82  0.16 1.50 11.4
10963065               8.893 1.407 0.01 0.02 6043 4.16 -0.25 6090 4.31 6060 4.29 -0.20 1.06  5.4
11026764               9.783 1.921 0.00 0.04 5502 3.90 -0.25 5670 4.01 5682 3.88  0.05 1.17  4.8
11081729               9.061 1.088 0.02 0.02 6359 3.98 -0.10 6630 4.41 6630 4.25 -0.12 1.72 20.0
11137075              11.034 1.760 0.01 0.02 5425 4.17  0.00 5590 4.30 5590 4.01 -0.06 0.96  1.0
11244118               9.937 1.643           5507 4.50  0.14 5735 4.23 5745 4.09  0.35 1.16  3.0
11253226 97071 186700  8.514 1.055 0.00 0.02 6468 4.18 -0.34 6605 4.21 6605 4.16 -0.08 1.73 15.1
11414712               8.785 1.752 0.00 0.04 5388 3.80 -0.66 5620 3.84 5635 3.80 -0.05 1.18  4.4
11498538 93951 178874  7.420 1.172 0.03 0.02 6287 4.04 -0.30 6496 3.83 6496 3.76  0.01 1.77 38.4
11717120               9.586 2.180 0.00 0.04 4980 3.44 -0.45 5105 3.80 5150 3.68 -0.30 0.98  1.0
12009504               9.380 1.311 0.00 0.02 6056 3.70  0.13 6125 4.23 6065 4.21 -0.09 1.13  8.4
12258514 95568 183298  8.204 1.446 0.00 0.04 5808 4.30  0.09 6025 4.28 5990 4.11  0.04 1.22  3.5
